export const LogoSvg = () => {
  return (
    <svg
      version="1.1"
      id="Layer_1"
      xmlns="http://www.w3.org/2000/svg"
      xmlnsXlink="http://www.w3.org/1999/xlink"
      x="0px"
      y="0px"
      viewBox="0 0 496 496"
      enableBackground="new 0 0 496 496"
      xmlSpace="preserve"
      className="w-[500px] -my-[150px]"
    >
      <path
        fill="#000000"
        opacity={1.0}
        stroke="none"
        d="
M171.999954,337.367676 
	C163.088394,336.762299 154.537216,338.711121 146.247971,335.689301 
	C134.550186,331.424866 126.666595,320.586670 126.655830,308.243256 
	C126.632278,281.256256 126.657486,254.269180 126.670532,227.282150 
	C126.674332,219.428925 129.395386,212.737320 134.898331,207.048004 
	C154.235489,187.056061 173.448318,166.943848 192.785614,146.952042 
	C206.373093,132.904694 221.680161,133.579987 235.199539,147.876953 
	C254.306732,168.083130 273.882507,187.845825 293.201569,207.852524 
	C296.485870,211.253738 300.626404,214.160416 300.380157,219.834961 
	C300.217896,223.574219 298.521698,226.112640 295.434021,227.921173 
	C292.223999,229.801422 289.016449,229.656158 286.048676,227.514374 
	C284.309265,226.259048 282.748413,224.721771 281.248505,223.174423 
	C260.847015,202.127945 240.490082,181.038254 220.073502,160.006454 
	C214.972473,154.751740 211.966690,154.886078 207.111099,159.913223 
	C188.946594,178.719437 170.831039,197.575134 152.461334,216.179459 
	C147.587006,221.116074 145.115845,226.279037 145.218689,233.397964 
	C145.557892,256.881805 145.332245,280.373627 145.356750,303.862335 
	C145.367905,314.556854 149.475784,318.660736 160.088593,318.664673 
	C196.237930,318.678009 232.387253,318.672485 268.536591,318.696381 
	C274.903107,318.700592 278.031036,320.699554 279.339966,325.421783 
	C281.084503,331.715637 277.093719,337.224091 270.452057,337.312347 
	C260.125427,337.449615 249.795761,337.361267 239.467392,337.362854 
	C217.144913,337.366302 194.822418,337.366119 171.999954,337.367676 
z"
      />
      <path
        fill="#000000"
        opacity={1.0}
        stroke="none"
        d="
M257.926575,206.422180 
	C258.004700,218.199814 258.006195,229.518829 258.047333,240.837692 
	C258.059265,244.118576 257.268372,247.688385 261.892365,249.532166 
	C261.560150,249.889526 261.227905,250.246887 260.895660,250.604248 
	C237.592102,250.604248 214.288559,250.604248 189.876328,250.604248 
	C195.260162,246.557831 193.944473,241.434601 193.963364,236.670151 
	C194.025436,221.022537 193.948608,205.374405 193.980255,189.726608 
	C193.994156,182.847656 194.197266,182.690811 200.957230,182.677658 
	C208.115295,182.663727 215.281799,182.886978 222.428345,182.600647 
	C226.692215,182.429810 228.075668,184.331390 228.015244,188.162491 
	C227.965363,191.324310 228.229584,194.503387 227.988632,197.646774 
	C227.679611,201.678040 229.437149,202.865173 233.255173,202.738174 
	C239.906387,202.516937 246.570862,202.726273 253.228882,202.661407 
	C255.667801,202.637665 257.521149,203.171829 257.926575,206.422180 
M197.343216,210.499939 
	C197.346375,221.482071 197.425507,232.465027 197.305023,243.445801 
	C197.270233,246.615585 198.328049,248.009293 201.603653,247.935623 
	C207.590759,247.800980 213.584671,247.810898 219.572449,247.928925 
	C222.777267,247.992065 224.010300,246.671768 223.997009,243.479126 
	C223.923569,225.841980 223.930527,208.204224 224.000488,190.567017 
	C224.012970,187.425980 222.829483,185.987503 219.610504,186.040924 
	C213.622269,186.140320 207.629730,186.157303 201.642090,186.043762 
	C198.409439,185.982483 197.228714,187.339050 197.305344,190.531937 
	C197.457016,196.851303 197.346573,203.176926 197.343216,210.499939 
M228.647415,207.244949 
	C227.353241,219.831207 228.214691,232.445694 228.178162,245.047836 
	C228.172028,247.164108 229.669388,247.863480 231.541321,247.870010 
	C238.023804,247.892609 244.506439,247.897369 250.988953,247.882294 
	C253.398758,247.876678 254.645248,246.721680 254.638748,244.205154 
	C254.608704,232.568466 254.617249,220.931671 254.626709,209.294907 
	C254.628357,207.260193 253.669449,206.144073 251.629517,206.169327 
	C244.177734,206.261566 236.704010,205.341095 228.647415,207.244949 
z"
      />
      <path
        fill="#000000"
        opacity={1.0}
        stroke="none"
        d="
M199.323730,279.676331 
	C199.335281,282.131317 199.159714,284.182159 201.564606,285.166992 
	C202.776276,285.663147 203.375351,286.616608 202.870270,287.973297 
	C202.447968,289.107574 201.415039,289.318481 200.422272,289.288574 
	C196.471481,289.169617 192.472122,289.886841 188.658997,288.838684 
	C187.496277,286.557098 189.378906,285.838013 190.338165,284.576752 
	C192.452881,281.796295 192.906754,277.953278 190.466553,276.038666 
	C188.056686,274.147858 183.458893,274.057617 181.176834,276.352142 
	C179.123566,278.416656 179.272858,282.269897 181.403320,285.060791 
	C182.139908,286.025696 183.964859,286.291077 183.232086,288.062042 
	C182.459351,289.929626 180.706894,289.232361 179.308853,289.331726 
	C176.656464,289.520233 173.996552,289.747681 171.342072,289.721802 
	C168.605606,289.695190 167.866501,287.618225 169.675568,286.223358 
	C173.116821,283.569977 172.621307,280.169128 172.651260,276.730133 
	C172.684601,272.902161 172.657440,269.073700 172.664108,265.245453 
	C172.667648,263.222137 172.764984,261.187378 170.397263,260.204407 
	C169.345978,259.767975 168.943939,258.881653 169.206467,257.766846 
	C169.519897,256.435944 170.496689,255.804199 171.763000,255.832581 
	C175.531143,255.917023 179.354156,255.153564 182.955444,256.260559 
	C183.859085,258.359619 182.722427,259.450043 181.669601,260.844238 
	C179.730179,263.412415 179.044510,267.124207 181.458801,268.970673 
	C183.944656,270.871857 188.385712,271.021729 190.751053,268.717804 
	C192.703979,266.815582 192.581619,263.076691 190.393997,260.560547 
	C189.464783,259.491730 188.425110,258.748230 189.074417,257.244568 
	C189.731552,255.722778 191.206161,255.874115 192.514313,255.811371 
	C193.676971,255.755615 194.844009,255.796692 196.008957,255.782333 
	C202.972443,255.696518 202.548401,255.560974 200.550018,261.869507 
	C198.789871,267.425903 199.263748,273.399933 199.323730,279.676331 
z"
      />
      <path
        fill="#000000"
        opacity={1.0}
        stroke="none"
        d="
M366.657013,289.802429 
	C359.585968,288.488892 356.751434,285.187317 356.685333,278.688599 
	C356.614410,271.717926 360.343048,266.621368 366.710510,264.985596 
	C372.426697,263.517120 373.444763,261.043365 369.942261,256.320251 
	C368.252594,254.041718 369.076080,253.087296 371.237701,252.420074 
	C373.923676,251.590988 376.663452,251.197067 379.061920,251.576599 
	C379.061920,260.631470 379.089722,269.359039 379.046326,278.086212 
	C379.031799,281.008820 378.943420,283.872223 382.806488,284.389160 
	C380.138336,290.246674 378.839355,290.871277 373.438965,288.238739 
	C370.648407,286.878479 369.198822,289.468872 366.657013,289.802429 
M366.470276,283.054779 
	C370.273102,284.843292 371.714447,283.160614 371.758453,279.447479 
	C371.778107,277.791748 371.786743,276.135590 371.772858,274.479828 
	C371.755676,272.433929 371.796661,270.327789 368.873871,270.279205 
	C366.314880,270.236633 364.711761,271.548035 364.419922,274.003204 
	C364.070801,276.940155 363.681763,279.988312 366.470276,283.054779 
z"
      />
      <path
        fill="#000000"
        opacity={1.0}
        stroke="none"
        d="
M327.767242,267.108643 
	C335.023590,276.362091 331.549866,286.660858 320.510437,289.731140 
	C315.418365,291.147369 314.798889,293.244110 318.363190,296.950348 
	C318.800171,297.404724 319.396606,297.883759 319.508179,298.434631 
	C319.716919,299.464935 319.287537,300.661560 318.260284,300.844604 
	C314.676697,301.483032 311.011658,301.883148 307.511871,300.568787 
	C306.564056,300.212830 306.792084,298.852112 307.208405,297.887817 
	C310.645874,289.925751 308.472443,281.554077 308.984894,273.378998 
	C309.014923,272.900391 308.808746,272.406158 308.707245,271.920288 
	C308.338013,270.153412 304.818207,269.390869 306.815552,266.996185 
	C308.546356,264.921051 311.673340,264.816620 313.757385,265.123993 
	C316.790283,265.571320 319.513611,265.566956 322.480469,264.955292 
	C324.188721,264.603088 325.993561,265.716248 327.767242,267.108643 
M316.343140,281.906372 
	C316.816376,285.477386 319.273102,285.190582 321.440887,284.087585 
	C324.002075,282.784393 323.913940,280.008453 323.890167,277.520050 
	C323.867920,275.190430 323.810028,272.676758 321.367126,271.486420 
	C318.726257,270.199615 316.775574,271.110291 316.437531,274.148499 
	C316.183624,276.430511 316.340820,278.758209 316.343140,281.906372 
z"
      />
      <path
        fill="#000000"
        opacity={1.0}
        stroke="none"
        d="
M205.805542,278.000763 
	C207.416458,268.276276 211.537964,264.338806 219.286362,264.702209 
	C225.315552,264.984955 228.974442,268.695801 229.336761,274.895203 
	C229.842453,283.547302 226.337143,288.645966 218.965225,289.981110 
	C213.322845,291.002991 208.129929,287.642944 206.463364,281.839172 
	C206.144394,280.728333 206.019440,279.561829 205.805542,278.000763 
M221.584641,281.707489 
	C221.651886,280.880432 221.795044,280.051361 221.772888,279.226715 
	C221.689438,276.121582 222.323517,272.711700 219.098557,270.669464 
	C217.749695,269.815308 216.049744,269.908661 215.029938,271.281738 
	C212.737411,274.368378 212.905685,277.811981 214.156128,281.240906 
	C215.694626,285.459747 217.820679,285.797150 221.584641,281.707489 
z"
      />
      <path
        fill="#000000"
        opacity={1.0}
        stroke="none"
        d="
M401.648804,288.325684 
	C396.765808,281.847137 398.052399,278.669647 405.553406,276.395172 
	C407.467651,275.814728 411.761444,277.022034 410.858276,273.070190 
	C410.014038,269.376190 406.683746,270.122406 403.882172,271.369019 
	C402.600830,271.939178 401.347961,272.413055 400.533142,270.691772 
	C399.783417,269.107880 400.565521,268.176636 401.910492,267.512604 
	C404.577759,266.195770 407.137970,264.616760 410.297943,264.685577 
	C415.504242,264.799011 418.285095,267.491882 418.301514,272.708466 
	C418.307251,274.525055 418.343628,276.432800 417.835022,278.140839 
	C416.753723,281.772125 417.556244,283.992004 421.683624,284.158417 
	C419.418091,290.689850 416.928741,291.416199 411.275665,287.206360 
	C408.464752,288.860504 405.528198,291.287506 401.648804,288.325684 
M407.142120,280.361237 
	C405.764771,281.073700 405.576447,282.078186 406.673065,283.118408 
	C407.462189,283.866974 408.520569,283.816284 409.465424,283.311066 
	C410.457214,282.780731 410.901489,281.851807 410.592377,280.795807 
	C410.061310,278.981354 408.791199,279.932953 407.142120,280.361237 
z"
      />
      <path
        fill="#000000"
        opacity={1.0}
        stroke="none"
        d="
M353.339539,284.287750 
	C350.162201,292.296844 339.734985,290.774292 336.041870,286.519958 
	C332.615723,282.573120 331.973602,276.621796 334.579651,271.557739 
	C337.083710,266.691803 341.474701,264.242004 346.824127,264.726288 
	C352.184662,265.211578 355.404999,269.768097 354.286896,274.996033 
	C353.807220,277.239014 352.363159,277.323029 350.602234,277.400909 
	C347.477509,277.539062 344.301788,276.909882 340.908234,277.947021 
	C340.925079,282.149597 342.998108,283.818970 347.041992,283.898438 
	C349.090790,283.938690 351.177368,282.045044 353.339539,284.287750 
M341.894745,273.100159 
	C343.606903,273.830597 345.388855,274.285645 346.524017,272.341644 
	C347.056763,271.429321 346.417084,270.350769 345.355042,270.085754 
	C343.317719,269.577454 341.893799,270.267487 341.894745,273.100159 
z"
      />
      <path
        fill="#000000"
        opacity={1.0}
        stroke="none"
        d="
M282.270447,277.375183 
	C280.053192,277.655548 277.316132,276.598511 277.472870,279.865723 
	C277.593750,282.385803 279.424133,283.651215 281.869507,283.772675 
	C283.355591,283.846497 284.872070,283.737335 286.345398,283.515045 
	C287.738190,283.304901 289.074432,283.019165 289.619965,284.752930 
	C290.064728,286.166412 288.943756,286.860779 288.051270,287.572357 
	C283.574951,291.141296 276.937653,290.848389 272.937286,286.931610 
	C268.842834,282.922699 268.267761,274.660767 271.745087,269.803253 
	C275.047729,265.189728 281.770874,263.258179 286.418671,265.587555 
	C289.732330,267.248260 291.790070,272.172089 290.267670,275.420410 
	C288.614746,278.947174 285.249756,276.782867 282.270447,277.375183 
M283.117767,271.211578 
	C280.323761,268.217621 278.883026,269.940948 277.017273,273.508423 
	C279.735565,273.230225 281.934845,274.984100 283.117767,271.211578 
z"
      />
      <path
        fill="#000000"
        opacity={1.0}
        stroke="none"
        d="
M237.417160,290.016785 
	C234.735367,289.186218 231.621490,289.190338 232.430344,285.435242 
	C232.753952,283.932800 231.927444,281.811096 234.003693,281.081482 
	C236.039566,280.366028 236.296143,282.504944 237.221649,283.519806 
	C239.055756,285.531097 240.912384,286.270599 243.150330,283.668701 
	C242.025864,281.046936 239.408173,280.525543 237.318085,279.383759 
	C234.474228,277.830200 232.460068,275.716248 232.766907,272.295837 
	C233.081070,268.793823 235.185623,266.667450 238.506256,265.493256 
	C240.787064,264.686768 243.071320,264.654938 245.400726,264.725159 
	C246.916199,264.770874 248.670929,264.818939 249.262512,266.436676 
	C249.958786,268.340637 249.781876,270.576752 248.730530,272.215637 
	C247.494400,274.142639 245.929489,273.526947 244.931351,271.622162 
	C243.586517,269.055817 242.008102,268.731201 240.050507,270.863434 
	C240.185394,273.220459 242.115463,273.548859 243.472778,274.278046 
	C247.260635,276.313019 251.356827,278.430237 250.004807,283.565033 
	C248.730499,288.404724 244.340637,289.695221 239.820221,290.171417 
	C239.165649,290.240356 238.491501,290.123474 237.417160,290.016785 
z"
      />
      <path
        fill="#000000"
        opacity={1.0}
        stroke="none"
        d="
M294.780090,281.463104 
	C294.788239,274.539490 294.810760,268.060181 294.763519,261.581360 
	C294.750549,259.801941 295.079376,257.908844 293.364502,256.530304 
	C290.410187,254.155396 292.104889,252.953033 294.627380,252.249939 
	C296.211182,251.808472 297.908722,251.794083 299.531647,251.469864 
	C302.599304,250.856995 303.362823,252.156723 302.950684,255.031235 
	C301.697113,263.774780 302.233398,272.594818 302.036560,281.383545 
	C302.006897,282.707489 301.957733,284.122498 303.018402,285.127594 
	C306.485626,288.413086 304.483337,289.226044 301.117279,289.333374 
	C298.478394,289.417542 295.834656,289.350250 292.960358,289.350250 
	C290.791290,286.337433 295.714844,284.734558 294.780090,281.463104 
z"
      />
      <path
        fill="#000000"
        opacity={1.0}
        stroke="none"
        d="
M264.885254,270.206421 
	C262.531952,270.255798 261.587708,271.080109 261.308472,273.180359 
	C260.379913,280.164612 261.290253,282.074158 267.777863,285.200989 
	C265.887573,288.442596 263.424683,290.672180 259.478058,289.847473 
	C255.500397,289.016296 254.766098,285.966125 254.562088,282.287567 
	C254.310059,277.742645 256.458954,272.670685 251.847595,268.834778 
	C250.844360,268.000244 251.697098,266.296204 253.029755,265.539093 
	C255.596786,264.080780 257.767334,261.918152 260.993134,261.010101 
	C262.401123,263.107483 263.122894,265.479370 266.452026,266.288879 
	C269.048859,266.920380 267.675934,269.358673 264.885254,270.206421 
z"
      />
      <path
        fill="#000000"
        opacity={1.0}
        stroke="none"
        d="
M386.621338,271.898499 
	C383.172760,267.551575 383.465057,266.586914 388.314545,265.655365 
	C389.771088,265.375610 391.232697,265.105408 392.703705,264.928040 
	C393.152313,264.873932 393.640045,265.144440 394.171478,265.282257 
	C394.171478,269.550598 394.108521,273.776093 394.194061,277.998566 
	C394.249298,280.725861 393.452332,283.664917 396.105774,285.844849 
	C397.238617,286.775543 396.857422,288.564301 395.818390,288.725830 
	C392.282288,289.275513 388.667725,289.477509 385.084717,289.460999 
	C384.149780,289.456665 383.746185,287.731628 384.443115,286.973511 
	C388.510681,282.548920 386.437592,277.249939 386.621338,271.898499 
z"
      />
      <path
        fill="#000000"
        opacity={1.0}
        stroke="none"
        d="
M393.543976,259.266785 
	C391.306824,261.587006 389.149261,261.786133 387.187988,259.735107 
	C385.742645,258.223633 385.987335,256.335754 387.067719,254.650574 
	C388.205109,252.876556 389.953949,252.271423 391.846069,253.074310 
	C394.565002,254.228043 394.695587,256.461395 393.543976,259.266785 
z"
      />
      <path
        fill="#000000"
        opacity={1.0}
        stroke="none"
        d="
M210.018051,205.074432 
	C210.012970,209.340500 207.559845,210.067459 204.400940,209.860352 
	C201.698807,209.683197 200.811172,208.014740 200.784760,205.535706 
	C200.758057,203.029922 201.105087,200.847778 204.206787,200.556931 
	C207.296631,200.267242 209.894165,200.732590 210.018051,205.074432 
z"
      />
      <path
        fill="#000000"
        opacity={1.0}
        stroke="none"
        d="
M203.361664,189.058578 
	C205.884735,188.863617 208.308823,188.133316 209.469009,190.687714 
	C210.477875,192.908905 210.405762,195.362762 208.904175,197.317322 
	C207.642609,198.959457 205.494324,198.531906 203.767838,198.192947 
	C199.998718,197.452942 199.637405,193.022629 203.361664,189.058578 
z"
      />
      <path
        fill="#000000"
        opacity={1.0}
        stroke="none"
        d="
M214.434906,189.114639 
	C216.927399,188.954102 219.345779,188.241592 220.452118,190.811264 
	C221.325638,192.840164 221.308212,195.078445 220.084656,196.992691 
	C218.898895,198.847824 216.819870,198.409027 215.104599,198.165649 
	C211.437958,197.645386 210.960083,193.361206 214.434906,189.114639 
z"
      />
      <path
        fill="#000000"
        opacity={1.0}
        stroke="none"
        d="
M209.812134,229.723618 
	C208.746918,234.189392 205.652908,233.403656 203.050812,232.654037 
	C200.443787,231.903000 200.684067,229.399445 200.963699,227.252609 
	C201.351913,224.272385 203.583099,223.776749 206.044418,223.802322 
	C209.860977,223.841980 209.969208,226.514389 209.812134,229.723618 
z"
      />
      <path
        fill="#000000"
        opacity={1.0}
        stroke="none"
        d="
M204.328827,244.848053 
	C200.009781,243.417328 200.217728,240.319397 201.403168,237.499481 
	C202.533371,234.810989 205.446213,235.448792 207.524170,236.036835 
	C210.740021,236.946899 210.051590,239.885330 209.704666,242.250473 
	C209.281677,245.134262 206.965286,245.085922 204.328827,244.848053 
z"
      />
      <path
        fill="#000000"
        opacity={1.0}
        stroke="none"
        d="
M219.964386,232.037170 
	C216.660095,233.172531 213.302216,234.612473 212.243454,229.916290 
	C211.824402,228.057495 211.689819,225.767715 213.634979,224.478790 
	C215.210007,223.435120 217.187622,223.394989 218.891266,224.171844 
	C221.093292,225.175964 220.993942,227.336441 220.845734,229.342514 
	C220.786240,230.147995 220.449829,230.933029 219.964386,232.037170 
z"
      />
      <path
        fill="#000000"
        opacity={1.0}
        stroke="none"
        d="
M216.053284,200.707916 
	C220.089615,200.437515 220.990189,202.533783 220.875320,205.632095 
	C220.780945,208.177719 219.614838,209.583771 217.018661,209.771515 
	C214.746552,209.935806 212.487198,209.877090 212.191818,206.980530 
	C211.912735,204.243912 211.418030,201.117737 216.053284,200.707916 
z"
      />
      <path
        fill="#000000"
        opacity={1.0}
        stroke="none"
        d="
M218.631165,235.935928 
	C221.717224,238.858948 222.058426,241.906891 219.000107,244.449265 
	C217.452713,245.735611 215.050522,245.297546 213.439987,244.004440 
	C211.717484,242.621445 212.023483,240.474075 212.305038,238.489243 
	C212.636032,236.155960 214.254868,235.686264 216.246552,235.753418 
	C216.903412,235.775574 217.559860,235.810333 218.631165,235.935928 
z"
      />
      <path
        fill="#000000"
        opacity={1.0}
        stroke="none"
        d="
M209.808441,215.213669 
	C210.309143,219.881058 208.641037,221.910233 204.162979,221.277313 
	C200.566452,220.768997 200.772781,218.197800 200.916260,215.660309 
	C200.997070,214.231232 201.648163,212.933807 203.240219,212.890060 
	C205.561401,212.826294 208.345108,211.533905 209.808441,215.213669 
z"
      />
      <path
        fill="#000000"
        opacity={1.0}
        stroke="none"
        d="
M214.316086,221.145050 
	C211.144394,216.903763 211.443100,213.321930 214.697372,212.835724 
	C216.530106,212.561920 218.817505,211.900406 220.201599,213.813400 
	C221.448059,215.536163 221.146271,217.650238 220.355759,219.500015 
	C219.224396,222.147385 216.774857,221.149551 214.316086,221.145050 
z"
      />
      <path
        fill="#000000"
        opacity={1.0}
        stroke="none"
        d="
M250.936005,217.586639 
	C246.711182,221.466629 242.785553,221.017059 242.135483,216.940018 
	C241.825714,214.997162 241.655655,212.752060 243.408798,211.424744 
	C245.068146,210.168457 247.339539,210.320312 249.120789,211.099335 
	C251.785233,212.264618 251.209534,214.881622 250.936005,217.586639 
z"
      />
      <path
        fill="#000000"
        opacity={1.0}
        stroke="none"
        d="
M231.846527,211.793106 
	C235.106491,210.718323 238.410248,209.175491 239.748917,213.660645 
	C240.305847,215.526642 240.503601,217.707840 238.812927,219.207230 
	C237.191879,220.644852 235.081543,220.557205 233.202744,219.852890 
	C230.726685,218.924652 230.663986,216.645233 230.849487,214.448441 
	C230.916153,213.658829 231.315002,212.897247 231.846527,211.793106 
z"
      />
      <path
        fill="#000000"
        opacity={1.0}
        stroke="none"
        d="
M246.962799,233.741058 
	C251.730408,234.309021 251.391159,237.481354 250.961197,240.473053 
	C250.546616,243.357559 248.172501,243.200684 245.981445,243.256012 
	C243.229523,243.325500 242.142395,241.867310 242.067749,239.318802 
	C241.975906,236.183701 242.620621,233.658356 246.962799,233.741058 
z"
      />
      <path
        fill="#000000"
        opacity={1.0}
        stroke="none"
        d="
M231.022491,240.672485 
	C230.749542,237.583176 230.389618,234.699112 233.915085,233.928604 
	C235.990891,233.474945 238.475586,233.242020 239.455490,235.772308 
	C240.353790,238.091904 240.766968,241.113800 238.435501,242.534470 
	C236.094894,243.960739 233.045898,244.188766 231.022491,240.672485 
z"
      />
      <path
        fill="#000000"
        opacity={1.0}
        stroke="none"
        d="
M251.144562,226.055786 
	C251.647507,231.537811 248.376648,231.912766 244.770813,231.337326 
	C241.102341,230.751907 242.095901,227.791550 242.285263,225.418152 
	C242.423035,223.691177 243.474060,222.741119 245.246719,222.717789 
	C247.690781,222.685623 250.446198,222.051437 251.144562,226.055786 
z"
      />
      <path
        fill="#000000"
        opacity={1.0}
        stroke="none"
        d="
M231.255737,224.399704 
	C234.511581,222.083481 237.584076,221.202042 239.579742,225.194351 
	C240.449905,226.935089 240.469315,229.367020 238.767349,230.715607 
	C236.996002,232.119125 234.503601,231.849335 232.610794,230.938370 
	C229.993225,229.678589 230.708130,227.076553 231.255737,224.399704 
z"
      />
    </svg>
  );
};
